0.001901 0.019909 1
0.009518 0.028450 1
0.003409 0.039854 1
0.005570 0.049689 1
0.028865 0.052601 1
0.006994 0.069650 1
0.019160 0.077672 1
0.040503 0.080371 1
0.034590 0.093827 1
0.066099 0.087926 1
0.068829 0.098298 1
0.062640 0.113913 1
0.045274 0.132477 1
0.089410 0.120440 1
0.045619 0.153359 1
0.103551 0.134823 1
0.130142 0.124350 1
0.126631 0.141649 1
0.157063 0.123819 1
0.193801 0.080876 1
0.184271 0.120184 1
0.180432 0.142633 1
0.204156 0.126176 1
0.212290 0.132035 1
0.168836 0.197723 1
0.215923 0.162103 1
0.269452 0.076128 1
0.256067 0.136124 1
0.284486 0.095223 1
0.255788 0.175136 1
0.301061 0.108455 1
0.323539 0.064983 1
0.289828 0.177763 1
0.345076 0.058505 1
0.350237 0.083273 1
0.348253 0.124980 1
0.377094 0.046908 1
0.350303 0.171428 1
0.358236 0.177951 1
0.399164 0.093640 1
0.415110 0.063902 1
0.425246 0.063764 1
0.429499 0.095554 1
0.438735 -0.100057 1
0.457125 0.051346 1
0.453044 -0.125105 1
0.433211 -0.206708 1
0.463917 -0.157737 1
0.462981 -0.188808 1
0.481922 -0.166887 1
0.513936 -0.079183 1
0.469851 -0.245235 1
0.405127 -0.357032 1
0.333959 -0.437003 1
0.484587 -0.280670 1
0.539986 -0.182525 1
0.434091 -0.384662 1
0.407877 -0.426306 1
0.448204 -0.398890 1
0.509150 -0.335956 1
0.190602 -0.589975 1
0.574745 -0.258008 1
0.430852 -0.473251 1
0.492794 -0.423856 1
0.416520 -0.511967 1
0.292488 -0.602786 1
0.294132 -0.613096 1
0.376212 -0.578416 1
0.165519 -0.680149 1
0.161335 -0.691427 1
0.131616 -0.707868 1
0.255815 -0.683709 1
0.016860 -0.739808 1
0.044940 -0.748652 1
-0.260646 -0.713907 1
-0.077946 -0.766045 1
-0.124652 -0.769975 1
0.015709 -0.789844 1
0.196182 -0.775572 1
0.019371 -0.809768 1
0.049848 -0.818483 1
-0.015222 -0.829860 1
-0.234210 -0.806688 1
-0.085355 -0.845704 1
-0.063002 -0.857689 1
-0.182113 -0.850726 1
-0.260879 -0.840442 1
-0.391462 -0.799286 1
-0.199423 -0.877628 1
-0.450447 -0.790695 1
-0.449424 -0.802756 1
-0.667175 -0.647902 1
-0.477588 -0.809636 1
-0.527822 -0.789876 1
-0.393304 -0.875735 1
-0.395296 -0.885800 1
-0.702529 -0.683267 1
-0.658504 -0.739238 1
-0.794845 -0.606813 1
-0.634983 -0.785428 1
-0.019799 -0.002828 2
-0.026898 -0.013285 2
-0.038916 -0.009251 2
-0.045071 -0.021648 2
-0.055392 -0.023060 2
-0.068824 -0.012778 2
-0.078846 -0.013536 2
-0.080451 -0.040344 2
-0.087425 -0.048547 2
-0.102172 -0.040754 2
-0.110400 -0.047030 2
-0.129706 -0.008735 2
-0.138976 -0.016899 2
-0.149612 -0.010783 2
-0.155782 -0.036497 2
-0.165193 0.040141 2
-0.176017 0.037654 2
-0.187997 0.027519 2
-0.183590 0.079338 2
-0.209496 0.014538 2
-0.205316 0.079026 2
-0.212327 0.088416 2
-0.217635 0.101169 2
-0.241607 0.064233 2
-0.226727 0.127259 2
-0.250385 0.101032 2
-0.263252 0.095384 2
-0.274665 0.093055 2
-0.205700 0.218375 2
-0.275122 0.142857 2
-0.253982 0.194662 2
-0.291604 0.154490 2
-0.257864 0.221599 2
-0.345342 0.056911 2
-0.290306 0.212890 2
-0.304272 0.210520 2
-0.283658 0.252860 2
-0.233562 0.312328 2
-0.233750 0.324593 2
-0.053052 0.406553 2
-0.234574 0.348389 2
-0.201548 0.379840 2
-0.287237 0.333309 2
-0.196746 0.404711 2
-0.253710 0.383707 2
-0.125433 0.452953 2
-0.031270 0.478980 2
-0.056009 0.486788 2
-0.145430 0.478383 2
-0.217555 0.461270 2
0.112368 0.507714 2
0.194726 0.492932 2
0.016584 0.539745 2
-0.082714 0.543745 2
0.179862 0.530330 2
0.005299 0.569975 2
0.043037 0.578401 2
0.222078 0.546609 2
-0.016801 0.599765 2
-0.062056 0.606835 2
0.249401 0.567626 2
0.274255 0.567172 2
0.266613 0.581822 2
0.339966 0.554006 2
0.429164 0.501416 2
0.444781 0.501069 2
0.301006 0.609750 2
0.482641 0.493110 2
0.444349 0.540883 2
0.396416 0.589028 2
0.342166 0.633500 2
0.573497 0.451664 2
0.501139 0.544481 2
0.570523 0.486830 2
0.510725 0.562815 2
0.451027 0.624079 2
0.660790 0.414436 2
0.666586 0.423984 2
0.770185 0.216368 2
0.770663 0.249358 2
0.799839 0.180714 2
0.710941 0.428326 2
0.720766 0.431388 2
0.717685 0.455443 2
0.847361 0.146900 2
0.823908 -0.279421 2
0.879112 0.039525 2
0.849017 0.266966 2
0.898503 -0.051893 2
0.870717 0.264484 2
0.875096 0.283913 2
0.918841 -0.143633 2
0.934960 0.097211 2
0.938526 -0.147207 2
0.878861 -0.386267 2
0.939019 -0.243192 2
0.902820 -0.381204 2
0.987768 0.066438 2
0.910332 -0.413880 2
0.730336 -0.697645 2
0.016139 -0.011812 3
0.029024 -0.007591 3
0.033810 -0.021375 3
0.042761 -0.025913 3
0.043415 -0.041414 3
0.048365 -0.050605 3
0.052971 -0.059950 3
0.066845 -0.060264 3
0.074719 -0.066461 3
0.079022 -0.076521 3
0.054608 -0.106855 3
0.107481 -0.073129 3
0.079490 -0.115245 3
0.067648 -0.133880 3
0.091933 -0.130951 3
0.057604 -0.159943 3
0.072574 -0.164721 3
0.098985 -0.162179 3
0.056740 -0.191783 3
0.068676 -0.198453 3
0.069432 -0.208756 3
0.076914 -0.216759 3
0.034920 -0.237446 3
0.117023 -0.220920 3
0.040695 -0.256795 3
0.039228 -0.267135 3
0.049873 -0.275523 3
-0.050278 -0.285608 3
0.018809 -0.299410 3
-0.071472 -0.301649 3
-0.112755 -0.299477 3
-0.057116 -0.325020 3
-0.100896 -0.324684 3
-0.140809 -0.320426 3
-0.109939 -0.342802 3
-0.169254 -0.329018 3
-0.058602 -0.375454 3
-0.242135 -0.305730 3
-0.114474 -0.383270 3
-0.066451 -0.404579 3
-0.314389 -0.278496 3
-0.241667 -0.355664 3
-0.296543 -0.325058 3
-0.260558 -0.366891 3
-0.231140 -0.397711 3
-0.073202 -0.464264 3
-0.386676 -0.284397 3
-0.349606 -0.343330 3
-0.376539 -0.328966 3
-0.432891 -0.269640 3
-0.330652 -0.401334 3
-0.404245 -0.342762 3
-0.517833 -0.153130 3
-0.515321 -0.192209 3
-0.431030 -0.357510 3
-0.381969 -0.423084 3
-0.517210 -0.262476 3
-0.568283 -0.158602 3
-0.597778 -0.051587 3
-0.595902 -0.130386 3
-0.566566 -0.251800 3
-0.627329 -0.057951 3
-0.601765 -0.217897 3
-0.627356 -0.170073 3
-0.651264 -0.107028 3
-0.651175 -0.157705 3
-0.679990 -0.003754 3
-0.687150 -0.062644 3
-0.698169 0.050596 3
-0.707874 0.054900 3
-0.714079 0.092146 3
-0.721805 0.109079 3
-0.635556 0.379036 3
-0.674169 0.328628 3
-0.704732 0.284523 3
-0.764562 0.091353 3
-0.773663 0.099221 3
-0.786040 0.078999 3
-0.394888 0.695747 3
-0.582409 0.562939 3
-0.644904 0.506457 3
-0.743766 0.368392 3
-0.750484 0.377324 3
-0.564127 0.635815 3
-0.398528 0.762086 3
-0.772615 0.399957 3
-0.633673 0.610621 3
-0.566859 0.686127 3
-0.772325 0.462076 3
-0.374865 0.829202 3
-0.545989 0.740470 3
-0.120178 0.922202 3
-0.491164 0.801472 3
-0.325198 0.892607 3
-0.557244 0.781716 3
-0.443945 0.862446 3
-0.506999 0.838661 3
-0.188023 0.971981 3
0.031169 0.999514 3
-0.305721 0.962618 3
