0.148883 -0.021002 1
0.322789 0.770270 1
0.147564 0.556808 1
0.716916 -0.107394 1
0.283176 0.067735 1
0.019880 0.588616 1
0.698321 -0.220375 1
0.847105 0.453357 1
0.454489 0.208632 1
0.168924 0.052378 1
0.151570 -0.003313 1
0.650348 -0.145866 1
0.586832 0.567803 1
0.127346 0.710754 1
0.410543 0.013872 1
0.609965 0.731098 1
0.558163 -0.106172 1
0.673047 0.682349 1
0.164011 -0.027110 1
0.103461 0.266983 1
0.213698 0.768362 1
0.888837 -0.247934 1
0.074146 0.800871 1
0.362771 0.048363 1
0.236524 0.008042 1
0.684398 0.525903 1
0.575938 0.564381 1
0.304745 -0.159039 1
0.226250 0.204582 1
0.309879 0.235020 1
0.273069 0.801358 1
0.530019 0.651628 1
0.375135 0.485589 1
0.586713 -0.183191 1
0.176776 0.310640 1
0.441711 0.580218 1
0.616921 0.535067 1
0.495508 0.043689 1
0.148631 0.479067 1
0.502428 -0.130486 1
0.060845 0.345823 1
0.582707 0.401854 1
0.058089 0.911449 1
0.917653 -0.006151 1
0.768253 0.080677 1
0.145260 0.301269 1
0.712922 0.105421 1
0.201079 0.085871 1
0.206474 -0.044194 1
0.250256 0.106084 1
0.219578 -0.072248 1
0.482353 0.399859 1
0.113177 0.121472 1
0.717662 0.436714 1
0.383394 0.645313 1
0.868331 -0.342050 1
0.450535 0.303766 1
0.349697 0.594119 1
0.707621 0.557919 1
0.581786 0.058033 1
0.264215 0.235575 1
0.363662 0.908263 1
0.129509 -0.029305 1
0.370126 0.133953 1
0.687876 0.691983 1
0.191900 0.383160 1
0.167462 0.339143 1
0.185508 0.095880 1
0.728377 0.568851 1
0.221894 0.004042 1
0.058645 0.394572 1
0.888936 -0.183766 1
0.543767 0.080436 1
0.184563 0.627166 1
0.608785 -0.140642 1
0.296047 0.665555 1
0.120799 0.037207 1
0.521912 0.241540 1
0.042972 0.121490 1
0.009998 0.844369 1
0.405577 -0.018263 1
0.861626 -0.026694 1
0.248149 0.204353 1
0.073996 0.618935 1
0.888605 0.318348 1
0.051013 0.133600 1
0.148431 0.006654 1
0.106662 0.051758 1
0.360623 0.615461 1
0.600065 -0.218961 1
0.202597 -0.003477 1
0.783220 -0.231163 1
0.094206 0.649267 1
0.061195 0.151284 1
0.162292 0.004395 1
0.221023 0.024769 1
0.808708 -0.045768 1
0.158984 0.090946 1
0.244293 0.197404 1
0.305894 0.091491 1
0.189591 -0.042701 1
0.860541 0.144072 1
0.648013 0.332590 1
0.445405 0.616258 1
0.682295 0.065982 1
0.404753 0.393697 1
0.365392 0.146722 1
0.666804 -0.198065 1
0.201921 -0.039813 1
0.221811 -0.071454 1
0.108680 -0.045418 1
0.958788 -0.132228 1
0.002768 0.973332 1
0.001369 0.211470 1
0.094851 0.511957 1
0.358869 0.590532 1
0.017239 0.360755 1
0.604520 0.491452 1
0.394575 0.455064 1
0.439437 0.205263 1
0.317561 -0.122793 1
0.455529 0.631143 1
0.590894 0.690135 1
0.735823 -0.171741 1
0.304943 0.352566 1
0.269424 0.905241 1
0.288344 0.160254 1
0.565440 -0.128452 1
0.691415 0.664953 1
0.338769 0.038700 1
0.314505 0.082224 1
0.756801 0.548909 1
0.135378 0.088473 1
0.337611 -0.150065 1
0.110034 0.622779 1
0.156508 0.235747 1
0.541410 0.398566 1
0.771624 0.273117 1
0.531942 -0.145684 1
0.570444 0.380553 1
0.647577 0.497079 1
0.310026 0.002477 1
0.532142 0.356921 1
0.195820 -0.046287 1
0.467632 0.315642 1
0.737934 0.429961 1
0.791786 0.485365 1
0.253533 0.486281 1
0.062351 0.344249 1
0.096671 0.680435 1
0.886962 -0.264531 1
0.262196 0.493531 1
0.950214 -0.226224 1
0.276660 0.022220 1
0.193485 -0.050895 1
0.339487 -0.141039 1
0.131738 0.437367 1
0.351608 0.324818 1
0.336840 -0.176602 1
0.706943 0.158341 1
0.174163 -0.055145 1
0.391130 0.245663 1
0.010792 0.365503 1
0.362605 0.098887 1
0.090741 0.172606 1
0.566755 0.285147 1
0.353969 0.018557 1
0.229091 0.070522 1
0.094884 0.033406 1
0.279976 0.218646 1
0.291546 0.519514 1
0.691441 0.550485 1
0.002942 0.137997 1
0.874574 0.266407 1
0.197532 -0.091931 1
0.168859 0.833422 1
0.061098 0.818143 1
0.888649 -0.260671 1
0.110544 0.194332 1
0.010348 0.554162 1
0.460176 -0.062958 1
0.074311 0.245202 1
0.594958 -0.165936 1
0.128106 0.632758 1
0.197221 0.216688 1
0.537672 0.182929 1
0.931851 0.335087 1
0.532904 0.092798 1
0.708905 0.153747 1
0.370607 0.289505 1
0.037886 0.125714 1
0.363545 -0.001469 1
0.398354 0.718223 1
0.402934 0.085241 1
0.170578 -0.039020 1
0.098440 0.551276 1
0.384450 -0.192944 1
0.050404 0.763870 1
0.563136 -0.101817 1
0.810826 -0.147142 1
0.003641 -0.144826 2
0.002677 -0.591292 2
-0.750928 -0.580026 2
0.089473 -0.378905 2
0.593470 -0.574258 2
0.331703 -0.548804 2
-0.306156 -0.750623 2
-0.534355 -0.621017 2
-0.120472 -0.079989 2
0.199367 -0.293584 2
-0.356883 -0.588329 2
-0.094748 -0.532324 2
0.196929 -0.955484 2
-0.016267 -0.773470 2
0.005574 -0.611032 2
-0.115054 -0.350676 2
-0.161462 -0.288374 2
0.361853 -0.821767 2
0.380369 -0.327787 2
-0.526408 -0.647379 2
0.043204 -0.183486 2
-0.476283 -0.732387 2
0.077690 -0.097754 2
0.663640 -0.621531 2
-0.682757 -0.601529 2
-0.405392 -0.403104 2
-0.180244 -0.104168 2
-0.179674 -0.187949 2
0.606685 -0.415799 2
-0.079263 -0.844512 2
-0.113424 -0.066242 2
-0.018029 -0.781847 2
-0.677691 -0.681928 2
0.320086 -0.253939 2
-0.575066 -0.352336 2
-0.316388 -0.258725 2
-0.039560 -0.292158 2
0.115527 -0.799275 2
0.250105 -0.707898 2
-0.156523 -0.314118 2
0.531417 -0.327425 2
0.124860 -0.462342 2
-0.141551 -0.115766 2
-0.011821 -0.121049 2
0.029630 -0.541221 2
0.002541 -0.350431 2
0.158052 -0.373735 2
-0.290495 -0.210279 2
-0.214867 -0.135104 2
-0.013046 -0.459152 2
-0.624643 -0.373681 2
0.026163 -0.282098 2
0.107949 -0.691316 2
0.281885 -0.411463 2
0.293570 -0.392279 2
-0.165417 -0.197622 2
-0.125176 -0.243603 2
-0.040766 -0.653509 2
-0.217561 -0.264019 2
-0.015013 -0.603523 2
-0.103216 -0.944684 2
0.419847 -0.613037 2
-0.130093 -0.699300 2
0.655446 -0.706124 2
0.643244 -0.471936 2
-0.242321 -0.599858 2
-0.214864 -0.928670 2
0.085136 -0.127940 2
0.066669 -0.335277 2
-0.265513 -0.951667 2
-0.091882 -0.789658 2
0.371203 -0.375235 2
0.455283 -0.548466 2
0.411073 -0.238482 2
0.075411 -0.435656 2
0.007040 -0.291858 2
0.290632 -0.336514 2
-0.043377 -0.119044 2
0.444569 -0.279423 2
0.286005 -0.279696 2
-0.793981 -0.571478 2
-0.503701 -0.325828 2
0.716791 -0.478217 2
0.005987 -0.467219 2
-0.355239 -0.373995 2
0.432692 -0.724270 2
-0.639189 -0.758727 2
-0.348975 -0.452647 2
-0.248940 -0.899065 2
0.660812 -0.385662 2
0.152214 -0.591413 2
-0.728232 -0.643636 2
-0.310556 -0.782689 2
0.241949 -0.932780 2
-0.186012 -0.655843 2
0.226177 -0.379300 2
-0.078814 -0.523012 2
-0.779155 -0.490518 2
-0.075802 -0.084300 2
0.105608 -0.216656 2
-0.195556 -0.486585 2
0.172363 -0.562894 2
-0.130973 -0.080477 2
0.529668 -0.445680 2
0.449836 -0.780293 2
-0.120561 -0.157907 2
0.377697 -0.318397 2
-0.023038 -0.351453 2
-0.581022 -0.797517 2
-0.310720 -0.568512 2
0.223953 -0.240156 2
0.028452 -0.217500 2
0.182028 -0.561748 2
0.038043 -0.844167 2
-0.155333 -0.839048 2
0.574297 -0.626663 2
-0.212669 -0.187231 2
-0.170752 -0.564726 2
0.575730 -0.675351 2
-0.028746 -0.206913 2
-0.684201 -0.538530 2
-0.508387 -0.754504 2
-0.112265 -0.273969 2
0.011967 -0.168858 2
0.253477 -0.461802 2
-0.123102 -0.842580 2
0.262391 -0.451784 2
0.174542 -0.438965 2
-0.418824 -0.360293 2
-0.153728 -0.147284 2
-0.126742 -0.178668 2
-0.687494 -0.554794 2
0.400406 -0.502673 2
-0.012443 -0.338543 2
-0.230888 -0.847432 2
-0.115950 -0.098744 2
-0.172385 -0.482084 2
0.172495 -0.729883 2
-0.195164 -0.354988 2
-0.284616 -0.362774 2
-0.119806 -0.561646 2
0.691096 -0.584014 2
-0.619327 -0.507221 2
0.130686 -0.096462 2
-0.019851 -0.350344 2
0.316133 -0.308096 2
0.218146 -0.850680 2
-0.291230 -0.378992 2
0.161316 -0.271595 2
-0.459869 -0.442067 2
-0.228949 -0.479621 2
0.229394 -0.879262 2
0.472462 -0.814069 2
0.413714 -0.726568 2
-0.391846 -0.625402 2
0.622183 -0.451767 2
-0.344245 -0.842092 2
-0.039561 -0.153706 2
-0.198736 -0.349808 2
-0.087406 -0.056177 2
0.203496 -0.820425 2
0.267978 -0.487948 2
-0.305302 -0.302160 2
-0.181798 -0.243620 2
0.047286 -0.579422 2
0.272449 -0.236131 2
-0.021678 -0.160073 2
0.107465 -0.139980 2
-0.010711 -0.161150 2
0.140170 -0.447391 2
0.079829 -0.195363 2
-0.228031 -0.443530 2
-0.030024 -0.908550 2
-0.239179 -0.343144 2
0.120764 -0.169549 2
-0.223106 -0.570099 2
0.715301 -0.525407 2
-0.243998 -0.334106 2
-0.050317 -0.128209 2
-0.183414 -0.135615 2
0.127521 -0.110801 2
-0.578576 -0.502725 2
-0.010649 -0.510762 2
-0.167176 -0.681211 2
0.274052 -0.675874 2
0.475319 -0.389024 2
-0.446159 -0.494230 2
0.603060 -0.654520 2
0.186517 -0.670664 2
-0.225109 -0.858861 2
-0.449655 -0.262692 2
-0.008251 -0.227053 2
-0.138078 -0.083421 2
0.402564 -0.624277 2
0.079962 -0.368614 2
-0.281732 -0.645221 2
0.543294 -0.420768 2
-0.286517 -0.501923 2
0.123394 -0.733287 2
-0.336364 -0.440614 2
-0.441644 -0.000969 3
-0.371465 0.109122 3
-0.917009 0.366258 3
-0.258862 0.700034 3
-0.169427 0.440399 3
-0.171962 0.077860 3
-0.732825 0.205536 3
-0.104160 0.665473 3
-0.085978 0.142534 3
-0.108869 0.177769 3
-0.109112 0.977365 3
-0.467927 0.283520 3
-0.050739 0.108936 3
-0.135338 0.060996 3
-0.070443 0.215569 3
-0.865302 0.262102 3
-0.270488 0.443221 3
-0.029832 0.604035 3
-0.458139 0.295204 3
-0.149711 0.059244 3
-0.904230 -0.081353 3
-0.355467 0.055081 3
-0.327719 -0.098293 3
-0.613073 0.164562 3
-0.520911 0.087998 3
-0.423477 0.082719 3
-0.257891 0.640048 3
-0.784745 0.525385 3
-0.555060 0.354084 3
-0.161422 0.315679 3
-0.274219 -0.076401 3
-0.349844 0.350504 3
-0.121983 0.025035 3
-0.874648 0.156654 3
-0.504760 0.408076 3
-0.079625 0.271811 3
-0.564633 -0.061064 3
-0.094032 0.114861 3
-0.178836 0.857519 3
-0.495817 -0.052997 3
-0.590178 0.059887 3
-0.530636 0.301228 3
-0.162806 0.693502 3
-0.375419 0.218234 3
-0.170134 0.009629 3
-0.423028 0.286142 3
-0.111319 0.089855 3
-0.720422 0.255632 3
-0.118241 -0.063476 3
-0.559079 0.778952 3
-0.659731 0.393429 3
-0.908265 0.256190 3
-0.520334 -0.212432 3
-0.308658 0.071427 3
-0.333787 -0.011014 3
-0.779367 -0.076136 3
-0.377928 0.919360 3
-0.402179 0.124589 3
-0.712696 -0.310939 3
-0.192256 0.051537 3
-0.289354 0.567871 3
-0.479884 -0.086036 3
-0.138509 0.744878 3
-0.331545 0.048395 3
-0.182746 0.030822 3
-0.503545 -0.048412 3
-0.316709 0.597296 3
-0.203463 -0.080570 3
-0.053017 0.504764 3
-0.674324 -0.131256 3
-0.841840 0.064384 3
-0.229899 0.299129 3
-0.450170 -0.104443 3
-0.764207 0.467397 3
-0.402572 0.609588 3
-0.047168 0.314164 3
-0.417087 0.663670 3
-0.181016 0.313299 3
-0.330884 0.113147 3
-0.105471 -0.002322 3
-0.368756 0.234942 3
-0.492205 -0.031922 3
-0.121186 0.353683 3
-0.234704 0.275308 3
-0.119491 0.294982 3
-0.394574 0.856498 3
-0.783732 0.387219 3
-0.453955 0.056889 3
-0.323473 0.421703 3
-0.016754 0.608266 3
-0.250551 0.479098 3
-0.119783 0.321224 3
-0.572096 0.808903 3
-0.198887 0.175592 3
-0.433174 0.760819 3
-0.112479 0.063914 3
-0.111145 0.382960 3
-0.718345 -0.287851 3
-0.044760 0.678455 3
-0.239761 -0.078594 3
-0.777763 0.557588 3
-0.558975 0.185474 3
-0.311756 -0.096237 3
-0.338974 0.519984 3
-0.668617 0.637648 3
-0.397803 0.814037 3
-0.421031 0.328880 3
-0.191893 0.460049 3
-0.294873 0.240605 3
-0.017518 0.148754 3
-0.207049 0.750371 3
-0.187680 0.112379 3
-0.179905 0.379884 3
-0.407403 0.205470 3
-0.314767 0.839926 3
-0.117746 0.018013 3
-0.042930 0.858600 3
-0.358637 0.021215 3
-0.303169 -0.117959 3
-0.268573 0.467947 3
-0.261802 0.709363 3
-0.045724 0.278628 3
-0.290823 0.047327 3
-0.390439 0.897448 3
-0.521859 0.359872 3
-0.337265 0.161557 3
-0.356005 0.903311 3
-0.091142 0.901779 3
-0.253280 -0.096451 3
-0.058228 0.083283 3
-0.740218 -0.023376 3
-0.838465 0.270291 3
-0.206328 0.007836 3
-0.046432 0.126892 3
-0.006185 0.638345 3
-0.431091 0.478273 3
-0.328181 0.459657 3
-0.015086 0.105685 3
-0.438150 0.571386 3
-0.747653 0.588397 3
-0.853114 0.239827 3
-0.139906 0.145635 3
-0.407383 0.098462 3
-0.300586 0.102998 3
-0.585722 0.148689 3
-0.584483 0.287701 3
-0.319726 0.187655 3
-0.152437 0.804004 3
-0.812682 -0.074364 3
-0.789197 0.148157 3
-0.323763 0.261198 3
-0.130912 0.070878 3
-0.737593 0.018880 3
-0.766148 0.632715 3
-0.062070 0.238277 3
-0.186565 -0.077988 3
-0.848921 0.358689 3
-0.501670 -0.181494 3
-0.686724 0.528630 3
-0.681351 0.472094 3
-0.125167 0.237069 3
-0.322278 -0.011418 3
-0.113154 0.096586 3
-0.586979 0.274672 3
-0.229510 0.765859 3
-0.365145 0.424525 3
-0.122029 0.026976 3
-0.970881 0.200395 3
-0.550829 0.004289 3
-0.039585 0.396828 3
-0.255189 0.025850 3
-0.650910 -0.126421 3
-0.600918 0.142667 3
-0.399664 0.665033 3
-0.137599 0.194396 3
-0.246884 0.341146 3
-0.200281 -0.112176 3
-0.836360 0.222874 3
-0.082775 0.395514 3
-0.344121 0.049597 3
-0.078764 0.070053 3
-0.817607 0.082119 3
-0.529010 -0.141731 3
-0.559709 0.166885 3
-0.329332 0.820171 3
-0.029584 0.749976 3
-0.199892 0.672185 3
-0.245299 -0.088998 3
-0.585427 0.108771 3
-0.963481 -0.027998 3
-0.630013 0.090075 3
-0.026955 0.827275 3
-0.799873 0.576676 3
-0.449884 0.776408 3
-0.095106 0.276557 3
-0.129185 -0.022717 3
-0.101992 0.495626 3
-0.107280 -0.033589 3
-0.267840 0.453095 3
-0.513353 0.806568 3
